5
640
4 0 2 7 0 2 6 5 4 0 4 0 2 7 0 2 6 5 4 0 4 0 2 7 0 2 6 5 4 0 4 0 2 7 0 2 6 5 4 0 4 0 2 7 0 2 6 5 4 0 4 0 2 7 0 2 6 5 4 0 4 0 2 7 0 2 6 5 4 0 4 0 2 7 0 2 6 5 4 0 4 0 2 7 0 2 6 5 4 0 4 0 2 7 0 2 6 5 4 0 4 0 2 7 0 2 6 5 4 0 4 0 2 7 0 2 6 5 4 0 4 0 2 7 0 2 6 5 4 0 4 0 2 7 0 2 6 5 4 0 4 0 2 7 0 2 6 5 4 0 4 0 2 7 0 2 6 5 4 0 4 0 2 7 0 2 6 5 4 0 4 0 2 7 0 2 6 5 4 0 4 0 2 7 0 2 6 5 4 0 4 0 2 7 0 2 6 5 4 0 4 0 2 7 0 2 6 5 4 0 4 0 2 7 0 2 6 5 4 0 4 0 2 7 0 2 6 5 4 0 4 0 2 7 0 2 6 5 4 0 4 0 2 7 0 2 6 5 4 0 4 0 2 7 0 2 6 5 4 0 4 0 2 7 0 2 6 5 4 0 4 0 2 7 0 2 6 5 4 0 4 0 2 7 0 2 6 5 4 0 4 0 2 7 0 2 6 5 4 0 4 0 2 7 0 2 6 5 4 0 4 0 2 7 0 2 6 5 4 0 4 0 2 7 0 2 6 5 4 0 4 0 2 7 0 2 6 5 4 0 4 0 2 7 0 2 6 5 4 0 4 0 2 7 0 2 6 5 4 0 4 0 2 7 0 2 6 5 4 0 4 0 2 7 0 2 6 5 4 0 4 0 2 7 0 2 6 5 4 0 4 0 2 7 0 2 6 5 4 0 4 0 2 7 0 2 6 5 4 0 4 0 2 7 0 2 6 5 4 0 4 0 2 7 0 2 6 5 4 0 4 0 2 7 0 2 6 5 4 0 4 0 2 7 0 2 6 5 4 0 4 0 2 7 0 2 6 5 4 0 4 0 2 7 0 2 6 5 4 0 4 0 2 7 0 2 6 5 4 0 4 0 2 7 0 2 6 5 4 0 4 0 2 7 0 2 6 5 4 0 4 0 2 7 0 2 6 5 4 0 4 0 2 7 0 2 6 5 4 0 4 0 2 7 0 2 6 5 4 0 4 0 2 7 0 2 6 5 4 0 4 0 2 7 0 2 6 5 4 0 4 0 2 7 0 2 6 5 4 0 4 0 2 7 0 2 6 5 4 0 4 0 2 7 0 2 6 5 4 0 4 0 2 7 0 2 6 5 4 0 4 0 2 7 0 2 6 5 4 0 4 0 2 7 0 2 6 5 4 0 4 0 2 7 0 2 6 5 4 0 4 0 2 7 0 2 6 5 4 0 4 0 2 7 0 2 6 5 4 0
5  
2 6 5 4 0
2
1 1
2
1073741824 1593835520
5
4 0 2 7 0
